image: manual_map_from_MAP.pgm
resolution: 0.049911403
origin: [-26.338000000, -23.400000000, 0.0000]
negate: 0
occupied_thresh: 0.65
free_thresh: 0.196
